
state={
	id=210
	name="STATE_210"

	history={
		buildings = {
			infrastructure = 5

		}
		owner = FNN
		add_core_of = FNN

	}

	provinces={
		8 39 40 57 70 71 79 85 90 92 93 95 104 110 117 126 149 150 152 172 181 187 194 207 226 248 287 320 333 344 354 387 415 2332 2356 2994 2999 3033 3035 3050 3053 3060 3072 3084 3085 3089 3101 3110 3120 3133 3140 3142 3143 3144 3151 3163 3176 3187 3215 3235 3310 3321 3323 3333 3344 6022 6035 6052 6057 6070 6086 6094 6095 6106 6122 6131 6139 6150 6153 6154 6169 6172 6174 6197 6203 6225 6242 6245 6264 6293 6303 6324 6346 6367 6400 9046 9060 9078 9082 9097 9098 9100 9105 9107 9111 9118 9120 9144 9150 9153 9164 9176 9177 9184 9190 9197 9206 9212 9231 9234 9242 9254 9256 9265 9287 9319 9331 9333 9343 9353 9386 9408 11032 11046 11048 11059 11068 11072 11080 11083 11084 11092 11093 11097 11109 11131 11139 11150 11153 11154 11156 11159 11162 11165 11174 11186 11191 11202 11224 11234 11250 11259 11272 11304 11315 11326 11349 11392 13198 
	}
	manpower=830133
	buildings_max_level_factor=1.000
	state_category=rural
}
