
state={
	id=453
	name="STATE_453"

	history={
		buildings = {
			infrastructure = 3
			4241 = {
				naval_base = 1

			}

		}
		victory_points = {
			4241 3 
		}

	}

	provinces={
		1221 1224 1234 1261 1288 1293 1311 1340 1368 1372 1379 1388 1407 1415 1421 4101 4214 4228 4233 4241 4266 4269 4350 4368 4373 4377 4399 4423 4427 7275 7284 7307 7323 7325 7360 7385 7389 7417 7423 7439 7445 10165 10167 10184 10186 10214 10236 10241 10243 10252 10265 10272 10298 10300 10302 10306 10328 12112 12116 12118 12153 12158 12160 12188 12213 12217 12236 12245 12253 12273 12279 
	}
	manpower=1496508
	buildings_max_level_factor=1.000
	state_category=rural
}
