
strategic_region={
	id=1
	name="STRATEGICREGION_1"
	provinces={
		3 6 18 23 26 31 45 60 72 73 75 81 84 87 88 89 96 99 105 106 108 112 119 123 127 129 135 138 140 143 146 154 160 163 166 174 175 180 183 186 189 196 198 206 228 237 260 272 273 278 282 286 291 292 305 307 312 325 345 355 359 361 370 372 381 390 392 403 404 664 675 681 725 739 753 837 957 1233 1258 1267 1278 1292 1294 1295 1297 1305 1307 1325 1327 1334 1336 1343 1365 1369 1380 1387 1397 1406 1504 1543 1659 1664 1666 1672 1674 1679 1684 1685 1696 1697 1702 1704 1707 1709 1714 1718 1722 1724 1726 1727 1729 1730 1733 1735 1739 1741 1744 1745 1748 1750 1754 1757 1761 1762 1765 1768 1771 1772 1775 1777 1779 1780 1784 1790 1792 1794 1795 1797 1800 1802 1803 1805 1807 1808 1810 1812 1813 1816 1819 1821 1823 1824 1826 1828 1829 1835 1837 1839 1841 1842 1845 1850 1852 1856 1860 1863 1865 1876 1878 1880 2703 2853 2877 2900 2923 2972 2996 3000 3004 3017 3027 3031 3041 3056 3057 3064 3065 3066 3075 3079 3080 3081 3086 3087 3091 3092 3099 3102 3103 3112 3124 3127 3130 3135 3139 3146 3147 3154 3155 3157 3160 3164 3166 3167 3168 3169 3175 3177 3184 3186 3196 3197 3214 3246 3251 3264 3269 3270 3276 3280 3282 3289 3294 3300 3315 3328 3334 3336 3338 3348 3361 3363 3365 3372 3382 3394 3415 3472 3664 3695 3723 3739 3753 3756 3787 3811 3963 3977 4006 4209 4215 4229 4242 4246 4261 4265 4283 4290 4298 4311 4314 4326 4354 4356 4366 4372 4383 4400 4404 4411 4455 4659 4665 4669 4675 4677 4681 4687 4690 4692 4700 4701 4703 4705 4710 4711 4715 4716 4719 4724 4725 4726 4728 4730 4731 4733 4734 4737 4743 4744 4746 4750 4752 4754 4758 4761 4762 4766 4767 4771 4774 4779 4780 4781 4782 4785 4789 4793 4795 4797 4798 4800 4802 4803 4805 4806 4808 4810 4812 4813 4815 4817 4818 4821 4824 4827 4829 4831 4832 4835 4837 4840 4841 4842 4844 4846 4847 4853 4855 4859 4866 4868 4874 4878 4881 5264 5918 6016 6017 6025 6034 6040 6051 6073 6075 6077 6085 6088 6089 6091 6097 6100 6102 6105 6109 6110 6112 6113 6119 6121 6124 6133 6158 6162 6166 6171 6177 6180 6182 6189 6190 6191 6192 6193 6199 6202 6211 6213 6217 6224 6226 6246 6253 6274 6278 6285 6288 6294 6297 6302 6307 6308 6312 6323 6337 6338 6352 6357 6368 6372 6383 6388 6394 6403 6538 6684 6686 6715 6774 6787 6833 6838 6961 6989 7228 7237 7249 7266 7274 7281 7285 7300 7309 7318 7320 7328 7330 7346 7359 7373 7375 7401 7403 7416 7431 7444 7616 7655 7672 7680 7681 7685 7687 7689 7691 7701 7707 7712 7713 7722 7725 7726 7733 7736 7738 7744 7746 7748 7750 7751 7754 7757 7759 7763 7765 7768 7769 7772 7774 7778 7781 7785 7786 7789 7793 7796 7800 7801 7802 7805 7809 7815 7816 7817 7822 7824 7825 7828 7833 7835 7837 7838 7841 7844 7846 7849 7851 7854 7860 7861 7863 7867 7868 7871 7876 7878 7882 7886 7889 7895 7898 7902 8461 9041 9043 9050 9065 9099 9101 9102 9110 9113 9114 9121 9124 9125 9130 9131 9133 9136 9142 9145 9146 9155 9168 9172 9180 9187 9192 9199 9200 9202 9205 9207 9210 9213 9214 9222 9224 9225 9230 9232 9244 9248 9259 9270 9280 9283 9292 9293 9305 9307 9336 9338 9349 9354 9370 9373 9381 9385 9390 9401 9402 9512 9514 9553 9589 9604 9639 9641 9659 9733 9749 9762 9895 9926 10133 10136 10142 10170 10185 10189 10200 10207 10213 10216 10224 10226 10256 10286 10301 10314 10329 10466 10524 10528 10529 10531 10533 10536 10537 10540 10542 10543 10544 10546 10549 10551 10555 10557 10559 10561 10562 10564 10565 10568 10570 10571 10572 10574 10576 10577 10579 10580 10583 10589 10590 10592 10596 10598 10600 10604 10607 10608 10613 10617 10620 10626 10628 10631 10635 10639 10641 10643 10648 10649 10652 10654 10655 10658 10659 10661 10663 10664 10667 10670 10673 10677 10678 10681 10683 10686 10688 10692 10696 10699 10701 10705 10712 10713 10714 10716 10720 10722 10723 11025 11027 11035 11036 11038 11042 11047 11051 11061 11062 11071 11074 11075 11086 11087 11089 11095 11098 11103 11107 11110 11111 11119 11122 11124 11133 11137 11143 11149 11158 11168 11170 11171 11177 11178 11179 11180 11182 11189 11192 11193 11195 11200 11203 11213 11223 11228 11243 11255 11261 11263 11273 11286 11292 11307 11319 11320 11328 11339 11352 11354 11356 11365 11373 11387 11389 11410 11496 11575 11607 11624 11626 11629 11643 11719 11745 11750 11765 11777 11827 11879 11904 12102 12106 12117 12130 12136 12157 12172 12174 12175 12187 12189 12192 12200 12203 12216 12244 12261 12263 12287 12390 12393 12502 12506 12507 12509 12510 12514 12515 12517 12518 12521 12522 12523 12525 12527 12528 12530 12531 12536 12538 12540 12542 12543 12545 12546 12549 12551 12555 12556 12558 12559 12563 12565 12567 12569 12574 12575 12580 12584 12587 12591 12592 12595 12599 12602 12606 12608 12611 12613 12615 12621 12622 12623 12626 12628 12630 12631 12634 12638 12639 12641 12643 12644 12647 12650 12652 12654 12655 12657 12659 12660 12666 12668 12672 12678 12679 12681 12683 12687 12691 12694 12696 12700 13059 13060 13061 13062 13063 13064 13065 13076 13129 13152 
	}
	weather={
		period={
			between={ 0.0 30.0 }
			temperature={ -15.0 -6.0 }
			temperature_day_night={ 7.0 -7.0 }
			no_phenomenon=0.25
			rain_light=0
			rain_heavy=0
			snow=0.5
			blizzard=0.2
			mud=1.0
			sandstorm=0
			min_snow_level=0.1			
		}
		period={
			between={ 0.1 27.1 }
			temperature={ -17.0 -12.0 }
			temperature_day_night={ 5.0 -7.0 }
			no_phenomenon=0.3
			rain_light=0
			rain_heavy=0
			snow=0.5
			blizzard=0.2
			mud=1.0
			sandstorm=0
			min_snow_level=0.1			
		}
		period={
			between={ 0.2 30.2 }
			temperature={ -8.0 1.0 }
			temperature_day_night={ 7.0 -7.0 }
			no_phenomenon=0.4
			rain_light=0.02
			rain_heavy=0
			snow=0.5
			blizzard=0.1
			mud=1.0
			sandstorm=0
			min_snow_level=0.0			
		}
		period={
			between={ 0.3 29.3 }
			temperature={ 3.0 10.0 }
			temperature_day_night={ 7.0 5.0 }
			no_phenomenon=0.5
			rain_light=0.1
			rain_heavy=0.05
			snow=0.2
			blizzard=0
			mud=1.0
			sandstorm=0
			min_snow_level=0			
		}
		period={
			between={ 0.4 30.4 }
			temperature={ 6.0 21.0 }
			temperature_day_night={ 7.0 -5.0 }
			no_phenomenon=0.45
			rain_light=0.3
			rain_heavy=0.1
			snow=0.05
			blizzard=0
			mud=1.0
			sandstorm=0
			min_snow_level=0			
		}
		period={
			between={ 0.5 29.5 }
			temperature={ 12.0 25.0 }
			temperature_day_night={ 7.0 -5.0 }
			no_phenomenon=0.45
			rain_light=0.3
			rain_heavy=0.2
			snow=0
			blizzard=0
			mud=1.0
			sandstorm=0
			min_snow_level=0			
		}
		period={
			between={ 0.6 30.6 }
			temperature={ 15.0 28.0 }
			temperature_day_night={ 7.0 -4.0 }
			no_phenomenon=0.5
			rain_light=0.35
			rain_heavy=0.2
			snow=0
			blizzard=0
			mud=1.0
			sandstorm=0
			min_snow_level=0			
		}
		period={
			between={ 0.7 30.7 }
			temperature={ 14.0 25.0 }
			temperature_day_night={ 7.0 -7.0 }
			no_phenomenon=0.45
			rain_light=0.4
			rain_heavy=0.1
			snow=0
			blizzard=0
			mud=1.0
			sandstorm=0
			min_snow_level=0			
		}
		period={
			between={ 0.8 29.8 }
			temperature={ 8.0 21.0 }
			temperature_day_night={ 5.0 -5.0 }
			no_phenomenon=0.4
			rain_light=0.35
			rain_heavy=0.05
			snow=0.02
			blizzard=0
			mud=1.0
			sandstorm=0
			min_snow_level=0			
		}
		period={
			between={ 0.9 30.9 }
			temperature={ 0.0 12.0 }
			temperature_day_night={ 7.0 -5.0 }
			no_phenomenon=0.35
			rain_light=0.1
			rain_heavy=0.02
			snow=0.3
			blizzard=0
			mud=1.0
			sandstorm=0
			min_snow_level=0			
		}
		period={
			between={ 0.10 29.10 }
			temperature={ -7.0 2.0 }
			temperature_day_night={ 5.0 -7.0 }
			no_phenomenon=0.3
			rain_light=0.02
			rain_heavy=0
			snow=0.5
			blizzard=0.05
			mud=1.0
			sandstorm=0
			min_snow_level=0.0			
		}
		period={
			between={ 0.11 30.11 }
			temperature={ -10.0 -1.0 }
			temperature_day_night={ 5.0 -10.0 }
			no_phenomenon=0.25
			rain_light=0
			rain_heavy=0
			snow=0.5
			blizzard=0.1
			mud=1.0
			sandstorm=0
			min_snow_level=0.05			
		}
	}
}
