
strategic_region={
	id=11
	name="STRATEGICREGION_11"
	provinces={
		414 565 577 591 596 606 614 619 624 630 637 646 649 653 657 660 662 665 674 676 679 682 684 686 687 688 690 693 696 699 701 704 711 713 716 723 727 730 744 746 793 797 818 833 841 849 863 867 878 893 895 907 914 922 935 936 937 949 953 965 966 974 976 982 984 1106 1109 1173 1205 3076 3401 3407 3448 3526 3565 3577 3592 3596 3601 3609 3614 3617 3623 3627 3630 3631 3636 3639 3645 3649 3654 3663 3665 3670 3673 3674 3676 3680 3683 3684 3689 3694 3696 3700 3701 3703 3704 3707 3709 3713 3724 3728 3730 3731 3741 3796 3819 3833 3844 3864 3865 3868 3879 3882 3884 3893 3896 3908 3914 3922 3924 3936 3937 3939 3943 3952 3956 3971 3973 3974 3980 3984 3985 3988 4078 4109 4178 4193 6573 6584 6600 6611 6614 6619 6634 6643 6647 6650 6652 6658 6667 6670 6672 6677 6679 6682 6685 6687 6690 6691 6695 6697 6700 6703 6706 6708 6709 6711 6714 6716 6720 6727 6729 6731 6735 6743 6747 6751 6761 6799 6814 6842 6857 6886 6889 6895 6900 6913 6923 6930 6940 6942 6952 6953 6957 6967 6970 6982 6983 6990 6998 7096 7127 7211 9537 9548 9586 9588 9591 9595 9596 9599 9602 9606 9608 9610 9611 9612 9614 9617 9619 9621 9624 9627 9635 9640 9643 9646 9648 9650 9651 9656 9660 9661 9665 9668 9670 9672 9676 9679 9683 9685 9687 9690 9701 9704 9706 9716 9756 9769 9771 9780 9783 9791 9805 9809 9818 9821 9833 9837 9849 9862 9874 9875 9888 9890 9894 9902 9906 9914 9916 9919 9922 9930 10163 10203 11520 11534 11564 11572 11574 11577 11580 11581 11583 11586 11588 11592 11594 11597 11603 11605 11608 11610 11612 11619 11622 11625 11627 11630 11636 11639 11644 11646 11651 11652 11655 11657 11659 11663 11666 11672 11676 11686 11689 11705 11741 11754 11762 11767 11774 11786 11787 11813 11816 11818 11832 11842 11845 11856 11857 11858 11868 11872 11887 11895 11899 11901 11905 11965 12001 13125 
	}
	weather={
	}
}
