
strategic_region={
	id=11
	name="STRATEGICREGION_11"
	provinces={
		68 241 247 268 293 309 316 317 321 332 336 349 374 375 391 394 399 405 421 424 425 444 445 469 478 479 482 494 495 514 519 521 526 529 532 537 538 541 543 549 552 555 557 561 563 564 569 571 573 581 583 586 589 678 694 698 732 1346 3206 3207 3211 3231 3234 3258 3260 3271 3277 3283 3299 3305 3312 3314 3325 3326 3340 3341 3355 3367 3368 3374 3395 3397 3398 3414 3418 3423 3438 3462 3473 3474 3484 3485 3499 3500 3510 3512 3514 3522 3524 3530 3535 3537 3541 3545 3548 3550 3553 3558 3561 3569 3571 3572 3574 3581 3583 3585 3629 3692 3716 3718 5283 6218 6235 6236 6241 6257 6263 6282 6286 6287 6298 6309 6325 6334 6336 6349 6364 6377 6389 6390 6393 6418 6421 6440 6441 6444 6462 6469 6470 6485 6487 6488 6501 6512 6513 6521 6524 6529 6534 6535 6540 6542 6549 6552 6555 6559 6561 6562 6568 6570 6571 6576 6581 6582 6586 6590 6592 6594 6595 6604 6622 6698 6712 6723 6739 7857 8622 9238 9252 9264 9277 9281 9294 9306 9309 9320 9334 9335 9347 9361 9363 9375 9387 9388 9403 9414 9416 9421 9428 9429 9441 9443 9456 9457 9470 9471 9482 9486 9496 9497 9503 9509 9511 9517 9524 9527 9535 9539 9541 9545 9547 9551 9555 9557 9560 9563 9567 9569 9570 9572 9575 9692 11219 11233 11251 11260 11264 11276 11288 11305 11316 11318 11331 11343 11346 11359 11360 11366 11372 11388 11401 11402 11404 11414 11415 11417 11431 11432 11444 11445 11467 11468 11478 11481 11486 11493 11497 11499 11502 11505 11511 11516 11517 11522 11525 11529 11531 11533 11536 11539 11542 11544 11545 11547 11554 11556 11560 11642 11679 11691 13116 
	}
	weather={
	}
}
