
strategic_region={
	id=12
	name="STRATEGICREGION_12"
	provinces={
		17 17 83 185 215 216 222 223 233 236 238 243 243 246 265 266 274 277 279 279 281 288 289 290 294 300 304 306 308 310 315 318 319 323 327 331 334 334 335 341 342 343 347 348 352 358 360 362 371 382 386 388 388 389 389 395 398 400 402 406 409 417 417 418 422 429 434 438 441 442 442 453 458 462 463 466 466 467 467 472 474 476 486 488 489 491 493 493 496 501 502 504 506 506 511 513 522 523 524 524 525 530 535 536 546 547 548 548 550 559 560 562 562 567 568 570 572 574 582 584 584 588 592 705 721 737 741 754 767 3074 3152 3174 3194 3203 3210 3219 3225 3226 3230 3247 3254 3255 3256 3263 3267 3272 3278 3279 3281 3288 3293 3295 3296 3297 3298 3306 3308 3309 3313 3319 3320 3324 3324 3331 3335 3337 3345 3350 3351 3354 3362 3364 3366 3377 3378 3380 3381 3381 3384 3388 3390 3392 3393 3399 3403 3409 3410 3410 3412 3421 3430 3434 3434 3449 3452 3455 3457 3458 3458 3460 3460 3466 3468 3470 3479 3480 3482 3482 3483 3491 3494 3496 3497 3497 3507 3508 3511 3520 3521 3525 3531 3532 3532 3542 3543 3544 3544 3556 3557 3559 3562 3568 3570 3573 3575 3584 3586 3586 3686 3722 3738 3743 3755 3757 3759 3767 4640 6099 6178 6201 6220 6222 6229 6232 6233 6243 6249 6252 6259 6273 6280 6281 6292 6296 6305 6306 6314 6319 6321 6322 6326 6330 6332 6340 6342 6344 6347 6354 6359 6360 6365 6371 6373 6375 6376 6381 6386 6387 6401 6401 6402 6407 6408 6411 6413 6415 6416 6416 6420 6423 6429 6431 6435 6445 6451 6455 6458 6459 6460 6464 6464 6474 6478 6480 6483 6484 6493 6495 6497 6499 6499 6505 6507 6508 6509 6511 6511 6519 6520 6522 6522 6530 6532 6546 6554 6556 6557 6558 6558 6565 6567 6578 6579 6580 6589 6593 6596 6597 6605 6704 6724 6771 6776 7482 9079 9221 9236 9240 9241 9246 9247 9249 9253 9261 9262 9263 9263 9272 9274 9275 9288 9289 9290 9295 9301 9304 9316 9317 9318 9323 9327 9340 9341 9342 9346 9351 9357 9359 9371 9372 9374 9382 9396 9398 9399 9400 9400 9404 9412 9412 9413 9417 9419 9423 9425 9427 9427 9430 9433 9435 9437 9438 9439 9439 9446 9451 9452 9454 9461 9463 9465 9466 9468 9476 9477 9479 9481 9483 9485 9491 9493 9494 9499 9501 9506 9508 9508 9519 9520 9521 9531 9532 9532 9533 9543 9544 9546 9546 9554 9556 9558 9566 9568 9571 9573 9576 9677 9680 9698 9712 9714 9718 9729 9731 10323 10493 11057 11127 11216 11220 11222 11226 11229 11230 11232 11232 11235 11241 11245 11246 11247 11254 11265 11271 11274 11284 11285 11290 11291 11298 11300 11301 11302 11312 11313 11322 11325 11329 11336 11341 11342 11353 11355 11357 11358 11369 11370 11383 11384 11385 11386 11391 11397 11398 11398 11399 11405 11409 11411 11413 11413 11418 11422 11424 11425 11426 11427 11428 11428 11430 11430 11434 11437 11438 11441 11443 11450 11452 11453 11454 11461 11462 11464 11466 11477 11479 11487 11489 11490 11492 11492 11498 11503 11504 11507 11507 11513 11514 11515 11515 11528 11530 11532 11532 11541 11543 11546 11550 11553 11557 11558 11558 11561 11649 11670 11683 11700 11703 11715 12562 12562 13127 
	}
	weather={
	}
}
