
strategic_region={
	id=13
	name="STRATEGICREGION_13"
	provinces={
		503 512 527 539 542 551 553 590 595 620 625 629 641 648 651 655 667 669 680 743 752 755 760 762 769 780 817 911 929 943 956 958 3493 3495 3506 3509 3523 3533 3534 3549 3552 3579 3589 3594 3598 3621 3626 3646 3650 3652 3655 3659 3666 3669 3671 3681 3740 3749 3751 3754 3758 3762 3768 3770 3771 3915 3928 3946 3948 5291 6449 6518 6531 6533 6536 6545 6547 6548 6572 6599 6613 6618 6621 6639 6644 6648 6651 6657 6668 6688 6759 6762 6766 6770 6773 6775 6777 6784 6786 6789 6792 6915 6917 6931 6949 6960 6962 9478 9490 9492 9495 9505 9507 9510 9523 9525 9550 9559 9578 9590 9593 9597 9607 9609 9625 9629 9631 9642 9644 9658 9710 9717 9723 9725 9728 9732 9734 9737 9748 9751 9853 9867 9882 9884 9898 11463 11465 11488 11491 11508 11521 11535 11565 11576 11582 11593 11596 11600 11611 11613 11616 11628 11631 11697 11699 11702 11709 11711 11713 11716 11718 11720 11732 11794 11834 11849 11869 11875 11877 12169 
	}
	weather={
	}
}
