
strategic_region={
	id=16
	name="STRATEGICREGION_16"
	provinces={
		3 6 18 23 26 31 45 60 72 73 75 81 84 87 88 89 99 105 106 108 112 119 123 127 129 135 138 140 143 146 154 160 163 166 174 175 180 183 186 189 196 198 206 228 237 260 272 273 278 282 286 291 292 305 312 325 345 355 359 361 370 372 381 390 392 403 404 1258 1278 1295 1305 1307 1334 1336 1365 1380 1406 1754 2996 3000 3004 3017 3027 3031 3041 3056 3057 3064 3065 3066 3075 3079 3080 3081 3086 3087 3091 3092 3099 3102 3103 3112 3124 3127 3130 3135 3139 3146 3147 3154 3155 3157 3160 3164 3166 3167 3168 3175 3177 3186 3196 3197 3214 3246 3251 3264 3269 3270 3276 3280 3282 3289 3294 3300 3315 3328 3334 3338 3348 3361 3363 3365 3372 3382 3394 4215 4261 4265 4283 4298 4311 4314 4326 4354 4356 4372 4383 4400 4411 4758 4802 4874 6016 6017 6025 6034 6040 6051 6073 6075 6077 6088 6089 6091 6097 6100 6102 6105 6109 6110 6112 6113 6119 6121 6124 6133 6158 6162 6166 6171 6177 6180 6182 6189 6190 6191 6192 6193 6199 6202 6213 6217 6224 6226 6246 6253 6274 6278 6285 6288 6294 6297 6302 6307 6308 6312 6323 6337 6338 6352 6357 6368 6372 6383 6388 6394 6403 6538 7237 7281 7300 7318 7320 7328 7330 7346 7359 7373 7375 7401 7403 7416 7431 7444 7712 7824 7898 9041 9043 9050 9065 9099 9101 9102 9110 9113 9114 9121 9124 9130 9131 9133 9136 9145 9146 9155 9168 9172 9180 9187 9192 9199 9200 9202 9205 9207 9210 9213 9214 9222 9225 9230 9232 9244 9248 9259 9270 9280 9283 9293 9305 9307 9336 9338 9349 9354 9370 9373 9381 9385 9390 9401 9402 9514 10136 10142 10185 10200 10207 10216 10224 10226 10256 10286 10301 10314 10329 10551 10579 10677 10723 11025 11027 11035 11036 11038 11042 11047 11051 11061 11062 11071 11074 11075 11086 11087 11089 11095 11098 11103 11107 11110 11111 11119 11124 11133 11137 11143 11149 11158 11168 11170 11171 11177 11178 11179 11180 11182 11189 11192 11193 11195 11200 11203 11213 11223 11228 11243 11255 11263 11273 11286 11292 11307 11319 11320 11339 11352 11354 11356 11365 11373 11387 11389 11496 12117 12130 12172 12175 12187 12200 12203 12216 12244 12393 12502 12527 12530 12558 12587 12626 12659 13076 
	}
	weather={
	}
}
