
strategic_region={
	id=2
	name="STRATEGICREGION_2"
	provinces={
		227 298 326 338 339 353 365 393 410 426 432 433 449 452 464 468 470 475 477 481 483 484 487 497 498 499 500 508 509 518 520 533 544 545 554 566 576 578 579 585 615 618 642 666 670 683 685 700 712 714 717 719 728 731 735 742 745 748 750 756 757 759 765 775 1210 1216 1220 1223 1229 1239 1243 1247 1254 1272 1276 1287 1290 1303 1309 1312 1314 1318 1331 1350 1360 1363 1371 1375 1378 1382 1384 1391 1402 1418 1429 1450 1455 1459 1479 1483 1493 1517 1532 1554 1573 1576 1591 1593 1614 1623 1632 1649 1662 1668 1675 1676 1680 1689 1694 1698 1703 1708 1721 1723 1725 1728 1743 1749 1766 1774 1781 1783 1787 1791 1798 1818 1825 1834 1838 1840 1844 1853 1855 1859 1864 1868 1877 1879 1882 1919 1943 1961 1970 1991 2010 2015 2053 2058 2074 2093 2099 3216 3265 3304 3316 3330 3343 3357 3385 3404 3406 3413 3417 3426 3431 3435 3439 3443 3459 3461 3464 3465 3467 3475 3477 3478 3486 3487 3489 3490 3502 3503 3505 3515 3517 3518 3519 3529 3538 3539 3540 3551 3555 3563 3578 3582 3587 3593 3597 3618 3622 3667 3668 3672 3682 3698 3711 3717 3720 3726 3734 3746 3748 3752 3760 3765 3774 3777 3779 4224 4227 4232 4238 4250 4254 4277 4281 4294 4300 4303 4309 4316 4322 4324 4333 4337 4340 4351 4369 4374 4376 4389 4391 4394 4463 4467 4482 4488 4492 4499 4523 4536 4542 4549 4563 4578 4581 4595 4599 4618 4620 4629 4636 4638 4651 4661 4670 4674 4680 4682 4685 4686 4697 4704 4709 4714 4729 4732 4751 4764 4768 4770 4773 4777 4786 4788 4792 4801 4823 4828 4843 4845 4849 4850 4856 4858 4862 4867 4873 4882 4914 4923 4947 4964 4973 4994 5011 5016 5033 5042 5062 5080 5087 5094 5736 6275 6328 6339 6366 6379 6404 6417 6424 6430 6450 6454 6463 6468 6473 6479 6486 6490 6491 6492 6498 6502 6503 6506 6514 6515 6516 6523 6525 6527 6528 6539 6541 6544 6551 6563 6564 6566 6574 6575 6588 6601 6602 6615 6620 6674 6689 6692 6701 6702 6718 6721 6730 6733 6736 6738 6741 6748 6750 6753 6755 6758 6760 6765 6768 6781 6783 6791 6794 6796 7224 7233 7243 7273 7298 7313 7317 7322 7326 7332 7335 7337 7341 7343 7350 7354 7357 7370 7383 7392 7405 7407 7410 7425 7429 7438 7477 7486 7491 7501 7507 7519 7541 7554 7556 7563 7597 7600 7618 7624 7635 7639 7641 7657 7676 7682 7693 7702 7703 7706 7708 7711 7717 7731 7732 7737 7741 7749 7752 7773 7775 7777 7784 7790 7792 7795 7799 7804 7806 7808 7819 7823 7843 7850 7856 7864 7866 7870 7874 7881 7885 7890 7924 7926 7940 7949 7997 8018 8027 8029 8037 8042 8059 8068 8086 8099 8112 8121 9243 9271 9299 9326 9337 9352 9365 9391 9415 9420 9426 9432 9436 9440 9442 9445 9447 9453 9455 9459 9460 9462 9464 9469 9473 9474 9475 9487 9488 9502 9504 9513 9516 9526 9528 9530 9538 9540 9549 9564 9565 9577 9581 9592 9594 9605 9628 9632 9645 9647 9649 9663 9674 9688 9691 9694 9696 9705 9707 9709 9720 9722 9726 9735 9739 9742 9744 9753 10131 10140 10146 10148 10161 10164 10168 10179 10187 10196 10202 10205 10211 10218 10220 10235 10239 10253 10262 10264 10268 10275 10277 10284 10290 10292 10295 10299 10308 10312 10315 10348 10353 10357 10359 10366 10395 10406 10408 10414 10417 10420 10435 10452 10470 10485 10488 10490 10506 10508 10530 10539 10545 10547 10550 10554 10558 10560 10563 10575 10578 10584 10597 10601 10603 10610 10614 10619 10623 10627 10630 10632 10633 10634 10646 10647 10653 10660 10669 10671 10674 10680 10689 10691 10695 10704 10708 10741 10742 10750 10755 10796 10802 10821 10834 10839 10865 10885 10911 10918 11225 11256 11281 11308 11321 11348 11377 11395 11400 11403 11408 11416 11421 11423 11429 11433 11442 11447 11449 11451 11455 11457 11458 11459 11460 11469 11472 11473 11474 11476 11480 11482 11484 11485 11501 11510 11512 11523 11524 11527 11537 11538 11551 11552 11555 11559 11566 11578 11579 11591 11609 11614 11632 11633 11647 11661 11664 11668 11678 11681 11687 11690 11693 11694 11696 11701 11706 11724 11727 11729 11736 12108 12111 12115 12119 12121 12128 12139 12143 12152 12161 12163 12170 12177 12179 12185 12194 12198 12218 12227 12229 12233 12235 12239 12242 12250 12254 12257 12266 12270 12285 12294 12298 12324 12329 12340 12359 12370 12383 12385 12397 12427 12430 12454 12465 12471 12474 12487 12491 12511 12520 12524 12526 12529 12533 12539 12541 12544 12557 12564 12579 12581 12583 12590 12594 12598 12601 12605 12610 12612 12614 12616 12619 12625 12629 12635 12640 12649 12656 12658 12662 12665 12669 12671 12675 12686 12695 12722 12737 12784 12801 12805 12846 12864 12890 12899 13008 13146 13147 13148 13149 13151 13197 
	}
	weather={
		period={
			between={ 0.0 30.0 }
			temperature={ -12.0 3.0 }
			temperature_day_night={ 7.0 -7.0 }
			no_phenomenon=0.250
			rain_light=0.100
			rain_heavy=0.050
			snow=0.400
			blizzard=0.200
			mud=1.300
			sandstorm=0.000
			min_snow_level=0.000
		}
		period={
			between={ 0.1 27.1 }
			temperature={ -15.0 3.0 }
			temperature_day_night={ 7.0 -7.0 }
			no_phenomenon=0.300
			rain_light=0.100
			rain_heavy=0.050
			snow=0.400
			blizzard=0.150
			mud=1.300
			sandstorm=0.000
			min_snow_level=0.000
		}
		period={
			between={ 0.2 30.2 }
			temperature={ -4.0 5.0 }
			temperature_day_night={ 7.0 -7.0 }
			no_phenomenon=0.400
			rain_light=0.150
			rain_heavy=0.050
			snow=0.300
			blizzard=0.100
			mud=1.300
			sandstorm=0.000
			min_snow_level=0.000
		}
		period={
			between={ 0.3 29.3 }
			temperature={ 0.0 16.0 }
			temperature_day_night={ 7.0 -7.0 }
			no_phenomenon=0.500
			rain_light=0.450
			rain_heavy=0.100
			snow=0.150
			blizzard=0.000
			mud=1.300
			sandstorm=0.000
			min_snow_level=0.000
		}
		period={
			between={ 0.4 30.4 }
			temperature={ 7.0 19.0 }
			temperature_day_night={ 6.0 -6.0 }
			no_phenomenon=0.500
			rain_light=0.400
			rain_heavy=0.100
			snow=0.000
			blizzard=0.000
			mud=1.300
			sandstorm=0.000
			min_snow_level=0.000
		}
		period={
			between={ 0.5 29.5 }
			temperature={ 11.0 22.0 }
			temperature_day_night={ 8.0 -8.0 }
			no_phenomenon=0.500
			rain_light=0.250
			rain_heavy=0.150
			snow=0.000
			blizzard=0.000
			mud=1.300
			sandstorm=0.000
			min_snow_level=0.000
		}
		period={
			between={ 0.6 30.6 }
			temperature={ 13.0 24.0 }
			temperature_day_night={ 8.0 -8.0 }
			no_phenomenon=0.500
			rain_light=0.250
			rain_heavy=0.150
			snow=0.000
			blizzard=0.000
			mud=1.300
			sandstorm=0.000
			min_snow_level=0.000
		}
		period={
			between={ 0.7 30.7 }
			temperature={ 12.0 23.0 }
			temperature_day_night={ 8.0 -8.0 }
			no_phenomenon=0.500
			rain_light=0.250
			rain_heavy=0.150
			snow=0.000
			blizzard=0.000
			mud=1.300
			sandstorm=0.000
			min_snow_level=0.000
		}
		period={
			between={ 0.8 29.8 }
			temperature={ 7.0 17.0 }
			temperature_day_night={ 8.0 -8.0 }
			no_phenomenon=0.500
			rain_light=0.250
			rain_heavy=0.150
			snow=0.000
			blizzard=0.000
			mud=1.300
			sandstorm=0.000
			min_snow_level=0.000
		}
		period={
			between={ 0.9 30.9 }
			temperature={ 3.0 10.0 }
			temperature_day_night={ 8.0 -8.0 }
			no_phenomenon=0.450
			rain_light=0.200
			rain_heavy=0.100
			snow=0.150
			blizzard=0.000
			mud=1.300
			sandstorm=0.000
			min_snow_level=0.000
		}
		period={
			between={ 0.10 29.10 }
			temperature={ 1.0 5.0 }
			temperature_day_night={ 8.0 -8.0 }
			no_phenomenon=0.350
			rain_light=0.200
			rain_heavy=0.150
			snow=0.200
			blizzard=0.100
			mud=1.300
			sandstorm=0.000
			min_snow_level=0.000
		}
		period={
			between={ 0.11 30.11 }
			temperature={ -7.0 -2.0 }
			temperature_day_night={ 8.0 -8.0 }
			no_phenomenon=0.200
			rain_light=0.130
			rain_heavy=0.070
			snow=0.450
			blizzard=0.150
			mud=1.300
			sandstorm=0.000
			min_snow_level=0.000
		}
	}
}
