
strategic_region={
	id=20
	name="STRATEGICREGION_20"
	provinces={
		96 307 1233 1292 1294 1297 1327 1369 1387 1543 1659 1664 1666 1672 1674 1679 1684 1685 1696 1697 1702 1704 1707 1709 1714 1718 1722 1726 1727 1729 1733 1735 1741 1744 1745 1748 1750 1757 1761 1762 1765 1768 1771 1775 1777 1779 1780 1784 1790 1792 1794 1795 1797 1800 1803 1805 1808 1810 1812 1813 1816 1819 1821 1823 1824 1826 1828 1829 1835 1837 1839 1841 1850 1852 1856 1860 1863 1865 1876 1878 1880 2853 2877 2900 2923 2972 3169 3184 3336 3415 3472 4006 4209 4229 4242 4366 4455 4659 4665 4669 4675 4677 4681 4687 4690 4692 4700 4703 4705 4710 4711 4715 4716 4719 4724 4726 4728 4730 4733 4734 4737 4743 4744 4746 4750 4752 4754 4761 4762 4766 4767 4771 4774 4780 4781 4782 4785 4789 4793 4795 4797 4798 4800 4803 4806 4808 4810 4812 4813 4815 4817 4818 4821 4824 4827 4831 4832 4835 4837 4840 4842 4846 4853 4855 4859 4866 4868 4878 4881 5264 6085 6211 6787 7228 7274 7285 7655 7680 7681 7685 7687 7689 7701 7707 7713 7722 7725 7726 7733 7736 7738 7744 7746 7750 7751 7757 7759 7765 7768 7769 7772 7774 7778 7781 7786 7789 7793 7796 7800 7802 7805 7809 7815 7816 7817 7822 7825 7828 7833 7835 7837 7838 7841 7844 7846 7849 7854 7860 7861 7863 7867 7876 7878 7882 7886 7889 7895 7902 8461 9142 9224 9292 9512 9553 10133 10170 10189 10213 10524 10528 10529 10531 10533 10536 10537 10540 10542 10543 10544 10546 10549 10555 10557 10559 10561 10562 10564 10565 10568 10570 10572 10574 10576 10580 10583 10589 10592 10596 10598 10600 10604 10607 10608 10613 10617 10620 10626 10628 10631 10635 10639 10641 10643 10648 10649 10652 10654 10658 10659 10661 10663 10664 10667 10670 10673 10681 10683 10686 10688 10692 10696 10699 10701 10705 10712 10713 10714 10716 10720 11122 11261 11328 11410 11607 12102 12106 12157 12174 12207 12287 12390 12506 12507 12509 12510 12514 12515 12517 12518 12521 12522 12523 12525 12528 12531 12536 12538 12540 12542 12545 12546 12549 12551 12555 12556 12563 12565 12567 12574 12575 12580 12584 12592 12595 12599 12602 12606 12608 12611 12613 12615 12621 12622 12623 12628 12630 12631 12634 12639 12641 12643 12644 12647 12650 12652 12655 12666 12668 12672 12679 12681 12683 12687 12691 12694 12696 12700 13059 13060 13061 13062 13063 13064 13065 13067 13152 
	}
	weather={
	}
}
