
strategic_region={
	id=21
	name="STRATEGICREGION_21"
	provinces={
		5 9 41 42 43 47 48 153 177 209 210 213 217 245 249 250 251 254 255 373 379 412 416 419 446 447 448 450 451 594 597 600 627 631 632 633 635 787 791 795 821 824 825 826 830 991 995 999 1026 1030 1031 1032 1035 1212 1215 1218 1227 1245 1249 1250 1251 1255 1256 1435 1439 1440 1442 1471 1475 1476 1477 1481 1482 1513 1550 1594 1635 1661 1665 1669 1695 1699 1700 1701 1705 1706 1712 1751 1886 1890 1894 1921 1924 1925 1926 1930 1931 2108 2110 2112 2131 2134 2135 2137 2138 2231 2232 2233 2243 2244 2245 2246 2247 2248 2257 2258 2259 2269 2270 2271 2272 2273 2274 2283 2284 2285 2295 2296 2297 2298 2299 2300 2310 2312 2321 2322 2323 2324 2325 2326 2334 2336 2345 2346 2347 2348 2349 2350 2361 2371 2372 2373 2374 2375 2381 2385 2395 2396 2397 2398 2399 2400 2411 2420 2421 2422 2423 2424 2425 2434 2444 2445 2446 2447 2448 2449 2458 2469 2470 2471 2472 2473 2474 2481 2483 2495 2496 2497 2498 2499 2500 2506 2519 2520 2521 2522 2523 2530 2542 2543 2544 2545 2546 2547 2554 2566 2567 2568 2569 2570 2571 2578 2580 2592 2593 2594 2595 2596 2597 2604 2606 2619 2620 2621 2622 2623 2630 2632 2642 2643 2644 2645 2646 2653 2655 2668 2669 2670 2671 2672 2679 2681 2693 2694 2695 2696 2697 2705 2718 2719 2720 2721 2722 2729 2731 2741 2742 2743 2744 2745 2752 2754 2764 2765 2766 2767 2768 2775 2778 2789 2790 2791 2792 2799 2801 2813 2814 2815 2816 2817 2824 2826 2836 2837 2838 2839 2840 2847 2849 2861 2862 2863 2864 2865 2871 2873 2885 2886 2887 2888 2895 2897 2908 2909 2910 2911 2918 2920 2932 2933 2934 2935 2936 2942 2944 2956 2957 2958 2959 2960 2966 2968 2977 2982 2983 2984 2985 2986 2993 2997 3029 3032 3036 3037 3038 3118 3195 3198 3228 3232 3233 3237 3238 3284 3400 3405 3433 3436 3437 3440 3441 3528 3590 3595 3625 3628 3632 3633 3691 3785 3789 3818 3821 3822 3825 3826 3990 3993 4026 4030 4034 4035 4155 4212 4213 4217 4249 4253 4257 4258 4370 4438 4439 4443 4450 4475 4476 4479 4483 4484 4598 4600 4641 4647 4662 4663 4667 4699 4702 4706 4707 4885 4886 4890 4922 4926 4929 4930 5108 5109 5111 5133 5137 5140 5141 5233 5234 5235 5248 5249 5250 5251 5258 5259 5260 5273 5274 5275 5276 5284 5286 5287 5300 5301 5302 5303 5311 5312 5313 5326 5327 5328 5329 5336 5337 5338 5349 5350 5351 5352 5360 5361 5362 5371 5372 5373 5374 5382 5384 5396 5397 5398 5399 5408 5409 5420 5421 5422 5423 5432 5433 5444 5445 5446 5447 5455 5456 5468 5469 5470 5471 5472 5480 5481 5494 5495 5496 5497 5498 5506 5507 5520 5521 5522 5523 5524 5532 5533 5544 5545 5546 5547 5548 5556 5557 5569 5570 5571 5572 5580 5581 5594 5595 5596 5597 5598 5606 5607 5620 5621 5622 5623 5624 5632 5633 5646 5647 5648 5649 5657 5658 5671 5672 5673 5674 5682 5683 5687 5697 5698 5699 5700 5708 5709 5713 5723 5724 5725 5726 5734 5735 5740 5749 5750 5751 5752 5760 5761 5765 5774 5775 5776 5777 5778 5787 5788 5792 5800 5801 5802 5803 5804 5813 5814 5818 5826 5827 5828 5829 5830 5839 5840 5845 5852 5853 5854 5855 5856 5863 5865 5866 5869 5877 5878 5879 5880 5881 5889 5891 5892 5895 5902 5903 5904 5905 5912 5914 5915 5925 5926 5927 5928 5929 5938 5939 5942 5949 5950 5951 5952 5953 5962 5963 5966 5973 5974 5975 5976 5977 5986 5989 5996 5997 5998 5999 6000 6014 6026 6044 6048 6049 6053 6054 6223 6234 6251 6255 6256 6260 6261 6422 6434 6453 6456 6457 6461 6612 6624 6641 6645 6646 6649 6802 6805 6816 6835 6839 6840 6844 7006 7018 7038 7042 7043 7047 7123 7230 7242 7245 7263 7267 7268 7272 7451 7456 7468 7490 7493 7494 7498 7499 7546 7590 7622 7632 7660 7679 7695 7719 7720 7723 7724 7758 7788 7813 7907 7910 7923 7946 7947 7951 7952 8132 8135 8142 8158 8159 8162 8163 8257 8258 8262 8271 8272 8273 8274 8283 8284 8288 8297 8298 8299 8300 8309 8310 8314 8323 8324 8325 8326 8335 8336 8340 8348 8349 8350 8351 8352 8361 8362 8363 8367 8370 8376 8377 8378 8379 8386 8387 8388 8389 8393 8401 8402 8403 8404 8413 8414 8415 8418 8426 8427 8428 8436 8437 8438 8442 8450 8451 8452 8453 8454 8462 8463 8464 8465 8469 8478 8479 8480 8481 8482 8490 8491 8492 8496 8505 8506 8507 8508 8509 8517 8518 8522 8530 8531 8532 8533 8534 8542 8543 8546 8553 8554 8555 8556 8557 8565 8566 8569 8576 8577 8578 8579 8580 8588 8589 8592 8600 8601 8602 8603 8604 8612 8613 8614 8618 8621 8628 8629 8630 8631 8632 8640 8641 8642 8646 8654 8655 8656 8657 8658 8666 8667 8668 8672 8680 8681 8682 8683 8684 8692 8693 8694 8698 8705 8707 8708 8709 8716 8717 8718 8719 8723 8731 8732 8733 8734 8735 8743 8744 8745 8749 8755 8756 8757 8758 8759 8767 8768 8772 8778 8779 8780 8781 8782 8789 8801 8802 8803 8804 8805 8813 8814 8815 8826 8827 8828 8829 8830 8831 8838 8839 8840 8841 8852 8853 8854 8855 8856 8864 8865 8867 8878 8879 8880 8881 8882 8889 8890 8891 8902 8903 8904 8905 8912 8914 8926 8927 8928 8929 8930 8937 8949 8950 8951 8952 8953 8960 8961 8973 8974 8975 8976 8977 8978 8985 8986 8989 8997 8998 8999 9000 9001 9008 9009 9021 9022 9023 9024 9025 9034 9037 9070 9071 9072 9076 9077 9092 9377 10245 10254 10374 10440 10484 10498 10636 10995 11106 11350 11748 12304 12347 12389 12477 12505 12512 12680 12698 12960 13004 13006 13007 13009 13010 13012 13013 13014 13015 13016 13058 13066 13071 13084 13193 
	}
	weather={
	}
}
