
strategic_region={
	id=27
	name="STRATEGICREGION_27"
	provinces={
		191 697 988 1043 1057 1060 1079 1095 1102 1105 1115 1126 1140 1152 1174 1181 1207 1468 1473 1494 1509 1516 1552 1580 1688 1731 1817 1833 1846 1874 1883 1891 1897 1901 1903 1909 1929 1932 1950 1951 1956 1958 1962 1967 1968 1969 1974 1975 1989 1992 1993 1994 2001 2012 2024 2025 2034 2038 2044 2049 2050 2056 2068 2073 2080 2081 2094 2100 2115 2120 2123 2126 2151 2154 2159 2171 2176 2180 2192 2193 2196 2202 2206 2207 2213 2216 2217 2220 2229 2255 2281 2308 3109 3123 3165 3181 3987 4018 4022 4051 4084 4108 4117 4128 4133 4139 4154 4171 4176 4191 4200 4201 4515 4528 4556 4584 4696 4735 4822 4851 4879 4889 4897 4902 4903 4913 4920 4927 4933 4938 4941 4948 4952 4957 4962 4970 4972 4978 4989 4992 4997 5004 5012 5013 5028 5034 5035 5036 5039 5045 5046 5053 5054 5070 5077 5078 5084 5095 5101 5106 5117 5136 5139 5154 5155 5158 5164 5177 5180 5189 5199 5203 5212 5217 5221 5224 5231 6008 6027 6039 7041 7069 7076 7136 7149 7154 7161 7194 7203 7219 7548 7576 7605 7716 7770 7842 7872 7900 7908 7919 7930 7931 7939 7943 7950 7954 7958 7959 7963 7972 7978 7979 7983 7985 7992 8006 8008 8015 8016 8021 8028 8034 8035 8038 8039 8046 8048 8054 8058 8061 8065 8069 8071 8077 8078 8088 8096 8109 8111 8116 8122 8128 8136 8138 8144 8178 8182 8183 8193 8201 8202 8205 8207 8214 8219 8244 8245 8248 9137 9152 9943 9960 9962 9977 9983 9986 10023 10025 10037 10067 10070 10071 10082 10104 10107 10400 10415 10442 10525 10538 10566 10594 10668 10697 10725 10731 10749 10754 10758 10762 10766 10771 10779 10780 10785 10788 10803 10805 10812 10814 10820 10829 10831 10836 10838 10845 10858 10862 10868 10875 10883 10884 10893 10915 10917 10919 10929 10930 10932 10948 10951 10957 10963 10966 10968 10972 10978 10988 11012 11017 11108 11194 11934 11940 11943 11951 12000 12009 12018 12022 12033 12064 12082 12091 12391 12419 12504 12519 12547 12589 12648 12677 12692 12707 12710 12711 12719 12731 12741 12742 12747 12751 12762 12764 12775 12783 12785 12787 12794 12795 12802 12808 12817 12824 12830 12834 12838 12842 12843 12847 12849 12851 12857 12858 12866 12874 12888 12891 12896 12900 12907 12908 12911 12921 12925 12935 12940 12944 12945 12950 12958 12963 12967 12971 12975 12981 12985 12986 13073 13074 13136 13138 13145 13173 13176 13179 
	}
	weather={
	}
}
