
strategic_region={
	id=28
	name="STRATEGICREGION_28"
	provinces={
		2165 13002 13005 19 29 33 34 224 235 239 240 244 427 436 439 440 443 608 617 621 622 623 626 802 812 815 816 820 1007 1017 1021 1022 1226 1236 1240 1241 1451 1462 1465 1466 1470 1677 1687 1691 1692 1902 1912 1916 1917 2118 2125 2127 2128 2188 2200 2235 2240 2241 2242 2262 2266 2267 2268 2288 2292 2293 2294 2314 2318 2319 2320 2338 2342 2343 2344 2359 2363 2367 2368 2369 2370 2383 2387 2391 2392 2393 2394 2409 2413 2416 2417 2418 2419 2432 2437 2441 2442 2443 2456 2461 2464 2465 2466 2467 2468 2480 2486 2490 2491 2492 2493 2494 2507 2511 2514 2515 2517 2518 2531 2537 2538 2540 2541 2555 2561 2562 2563 2564 2565 2579 2584 2587 2588 2589 2590 2591 2605 2610 2614 2615 2617 2618 2631 2635 2638 2639 2641 2654 2659 2664 2665 2667 2680 2685 2689 2690 2692 2704 2709 2714 2715 2716 2717 2730 2738 2739 2740 2753 2761 2762 2763 2776 2786 2787 2788 2810 2811 2812 2834 2835 2848 2858 2859 2860 2872 2883 2884 2905 2906 2907 2929 2930 2931 2953 2954 2955 2967 2979 2980 2981 3023 3024 3028 3222 3223 3227 3428 3429 3432 3619 3620 3624 3812 3813 3817 4020 4021 4025 4243 4244 4248 4470 4471 4474 4693 4694 4698 4916 4917 4921 4967 5128 5129 5130 5132 5185 5222 5245 5246 5247 5270 5271 5272 5297 5298 5299 5323 5324 5325 5346 5347 5348 5368 5369 5370 5383 5393 5394 5395 5417 5418 5419 5442 5443 5464 5466 5467 5490 5492 5493 5516 5518 5519 5540 5542 5543 5565 5567 5568 5584 5590 5592 5593 5610 5616 5618 5619 5642 5644 5645 5661 5667 5669 5670 5686 5692 5693 5695 5696 5712 5718 5719 5721 5722 5738 5739 5745 5747 5748 5770 5772 5773 5797 5799 5823 5825 5850 5851 5873 5874 5875 5876 5900 5901 5923 5924 5936 5947 5948 5971 5972 5994 5995 6007 6037 6043 6244 6250 6433 6443 6447 6448 6452 6623 6633 6636 6637 6640 6815 6825 6829 6830 6834 7017 7029 7031 7032 7036 7037 7241 7253 7257 7258 7261 7262 7467 7479 7483 7484 7488 7489 7694 7705 7709 7710 7714 7715 7922 7933 7937 7941 7942 8141 8151 8153 8154 8156 8180 8188 8246 8261 8267 8268 8269 8270 8287 8293 8294 8295 8296 8313 8319 8320 8321 8322 8339 8344 8345 8346 8347 8366 8372 8373 8374 8375 8392 8397 8398 8399 8400 8417 8422 8423 8424 8425 8441 8446 8447 8448 8449 8468 8473 8474 8475 8476 8477 8489 8495 8500 8501 8502 8503 8504 8516 8521 8526 8527 8528 8529 8541 8549 8550 8551 8552 8564 8573 8574 8575 8587 8596 8597 8598 8599 8611 8617 8624 8625 8626 8627 8639 8645 8650 8651 8652 8665 8671 8677 8678 8679 8691 8697 8702 8703 8704 8722 8728 8729 8730 8748 8752 8753 8754 8771 8775 8776 8777 8788 8792 8798 8799 8800 8818 8823 8824 8825 8844 8849 8850 8851 8870 8875 8876 8877 8894 8899 8900 8901 8917 8922 8924 8925 8940 8946 8947 8948 8964 8970 8971 8972 8988 8994 8995 8996 9012 9018 9019 9020 9048 9058 9062 9063 9067 10993 11015 12956 13017 13018 13019 13072 
	}
	weather={
		period={
			between={ 0.0 30.0 }
			temperature={ 5.0 30.0 }
			temperature_day_night={ -2.0 2.0 }
			no_phenomenon=0.500
			rain_light=0.400
			rain_heavy=0.300
			snow=0.000
			blizzard=0.000
			mud=1.0
			sandstorm=0.000
			min_snow_level=0.000
		}
		period={
			between={ 0.1 27.1 }
			temperature={ 5.0 30.0 }
			temperature_day_night={ -2.0 2.0 }
			no_phenomenon=0.500
			rain_light=0.400
			rain_heavy=0.300
			snow=0.000
			blizzard=0.000
			mud=1.0
			sandstorm=0.000
			min_snow_level=0.000
		}
		period={
			between={ 0.2 30.2 }
			temperature={ 5.0 30.0 }
			temperature_day_night={ -2.0 2.0 }
			no_phenomenon=0.500
			rain_light=0.400
			rain_heavy=0.300
			snow=0.000
			blizzard=0.000
			mud=1.0
			sandstorm=0.000
			min_snow_level=0.000
		}
		period={
			between={ 0.3 29.3 }
			temperature={ 5.0 30.0 }
			temperature_day_night={ -2.0 2.0 }
			no_phenomenon=0.500
			rain_light=0.400
			rain_heavy=0.300
			snow=0.000
			blizzard=0.000
			mud=1.0
			sandstorm=0.000
			min_snow_level=0.000
		}
		period={
			between={ 0.4 30.4 }
			temperature={ 5.0 30.0 }
			temperature_day_night={ -2.0 2.0 }
			no_phenomenon=0.500
			rain_light=0.400
			rain_heavy=0.300
			snow=0.000
			blizzard=0.000
			mud=1.0
			sandstorm=0.000
			min_snow_level=0.000
		}
		period={
			between={ 0.5 29.5 }
			temperature={ 5.0 30.0 }
			temperature_day_night={ -2.0 2.0 }
			no_phenomenon=0.500
			rain_light=0.400
			rain_heavy=0.300
			snow=0.000
			blizzard=0.000
			mud=1.0
			sandstorm=0.000
			min_snow_level=0.000
		}
		period={
			between={ 0.6 30.6 }
			temperature={ 5.0 30.0 }
			temperature_day_night={ -2.0 2.0 }
			no_phenomenon=0.500
			rain_light=0.400
			rain_heavy=0.300
			snow=0.000
			blizzard=0.000
			mud=1.0
			sandstorm=0.000
			min_snow_level=0.000
		}
		period={
			between={ 0.7 30.7 }
			temperature={ 5.0 30.0 }
			temperature_day_night={ -2.0 2.0 }
			no_phenomenon=0.500
			rain_light=0.400
			rain_heavy=0.300
			snow=0.000
			blizzard=0.000
			mud=1.0
			sandstorm=0.000
			min_snow_level=0.000
		}
		period={
			between={ 0.8 29.8 }
			temperature={ 5.0 30.0 }
			temperature_day_night={ -2.0 2.0 }
			no_phenomenon=0.500
			rain_light=0.400
			rain_heavy=0.300
			snow=0.000
			blizzard=0.000
			mud=1.0
			sandstorm=0.000
			min_snow_level=0.000
		}
		period={
			between={ 0.9 30.9 }
			temperature={ 5.0 30.0 }
			temperature_day_night={ -2.0 2.0 }
			no_phenomenon=0.500
			rain_light=0.400
			rain_heavy=0.300
			snow=0.000
			blizzard=0.000
			mud=1.0
			sandstorm=0.000
			min_snow_level=0.000
		}
		period={
			between={ 0.10 29.10 }
			temperature={ 5.0 30.0 }
			temperature_day_night={ -2.0 2.0 }
			no_phenomenon=0.500
			rain_light=0.400
			rain_heavy=0.300
			snow=0.000
			blizzard=0.000
			mud=1.0
			sandstorm=0.000
			min_snow_level=0.000
		}
		period={
			between={ 0.11 30.11 }
			temperature={ 5.0 30.0 }
			temperature_day_night={ -2.0 2.0 }
			no_phenomenon=0.500
			rain_light=0.400
			rain_heavy=0.300
			snow=0.000
			blizzard=0.000
			mud=1.0
			sandstorm=0.000
			min_snow_level=0.000
		}
	}
}
