
strategic_region={
	id=30
	name="STRATEGICREGION_30"
	provinces={
		517 531 556 814 828 881 900 934 952 972 994 996 1001 1004 1006 1010 1018 1023 1027 1029 1034 1036 1038 1047 1052 1053 1055 1066 1069 1070 1076 1078 1083 1084 1087 1089 1091 1094 1096 1099 1104 1110 1114 1120 1121 1124 1125 1131 1134 1137 1138 1139 1146 1153 1154 1161 1162 1166 1168 1169 1171 1172 1175 1180 1184 1187 1188 1193 1195 1196 1200 1202 1203 1257 1319 1367 1383 1395 1438 1448 1458 1469 1474 1489 1519 1522 1531 1551 1575 1590 1597 1603 1608 1612 1625 1628 1630 1640 1647 1653 1698 1766 1778 1796 1811 1871 1882 1884 1893 1918 1933 1943 1959 1961 1970 1976 1985 1991 1999 2006 2010 2022 2028 2030 2045 2053 2067 2074 2087 2091 2093 2099 3427 3742 3745 3814 3828 3830 3881 3900 3934 3955 3992 4001 4005 4009 4010 4013 4023 4028 4031 4032 4037 4038 4041 4042 4050 4053 4058 4066 4070 4071 4074 4077 4079 4081 4082 4083 4085 4089 4091 4092 4093 4096 4099 4105 4113 4114 4121 4123 4125 4130 4134 4137 4140 4141 4144 4148 4152 4156 4157 4158 4160 4165 4167 4169 4173 4174 4177 4181 4183 4185 4186 4189 4190 4192 4196 4203 4205 4207 4208 4222 4256 4295 4313 4325 4375 4403 4407 4431 4469 4480 4495 4501 4504 4514 4519 4525 4532 4536 4538 4547 4555 4559 4606 4612 4619 4628 4631 4634 4655 4656 4783 4888 4896 4914 4925 4937 4939 4960 4964 4973 4986 4994 4999 5007 5009 5011 5025 5030 5031 5033 5042 5048 5057 5072 5076 5076 5080 5087 5092 5094 5100 5102 5193 6638 6828 6837 6852 6898 6904 6932 6937 6969 6988 6999 7000 7004 7007 7014 7019 7025 7027 7035 7039 7044 7048 7054 7055 7058 7067 7071 7074 7085 7086 7089 7092 7094 7095 7097 7099 7101 7104 7105 7108 7109 7120 7126 7128 7129 7131 7135 7137 7141 7142 7146 7152 7158 7159 7160 7167 7168 7172 7174 7181 7182 7186 7189 7191 7192 7199 7200 7201 7208 7210 7214 7222 7240 7256 7270 7273 7279 7294 7301 7314 7397 7406 7418 7434 7446 7459 7502 7508 7511 7521 7540 7545 7549 7568 7571 7575 7577 7578 7580 7596 7606 7609 7625 7631 7633 7637 7648 7650 7653 7656 7659 7665 7674 7727 7803 7911 7926 7940 7948 7965 7971 7976 7988 7997 8018 8023 8026 8029 8037 8041 8049 8055 8059 8068 8072 8081 8095 8102 8104 8112 8121 8126 8127 9768 9776 9843 9873 9905 9927 9934 9937 9938 9939 9942 9944 9953 9955 9956 9958 9959 9963 9966 9969 9970 9971 9972 9974 9978 9982 9984 9987 9995 9997 9999 10000 10003 10004 10006 10008 10010 10012 10014 10017 10018 10022 10034 10039 10040 10042 10043 10044 10050 10053 10054 10057 10058 10062 10064 10068 10069 10072 10076 10079 10080 10084 10086 10093 10095 10098 10101 10102 10105 10112 10114 10119 10121 10132 10144 10257 10304 10315 10331 10335 10346 10363 10364 10367 10372 10377 10397 10404 10413 10421 10424 10426 10431 10434 10446 10451 10459 10462 10474 10480 10490 10499 10501 10507 10517 10616 10629 10724 10726 10733 10741 10750 10755 10757 10763 10770 10776 10787 10796 10802 10817 10819 10821 10822 10834 10841 10854 10856 10863 10865 10880 10899 10903 10911 10918 11448 11752 11761 11801 11822 11855 11865 11886 11913 11914 11916 11918 11920 11926 11928 11931 11933 11937 11938 11941 11944 11945 11947 11959 11961 11962 11963 11972 11973 11980 11981 11982 11983 11986 11988 11990 11991 11994 11996 12012 12014 12015 12017 12019 12023 12026 12027 12030 12036 12043 12045 12052 12053 12055 12057 12059 12061 12062 12067 12068 12069 12074 12076 12077 12078 12084 12086 12093 12095 12141 12156 12262 12274 12282 12300 12310 12327 12331 12344 12348 12350 12356 12378 12403 12407 12408 12414 12426 12432 12436 12448 12467 12483 12495 12554 12596 12596 12609 12705 12706 12713 12724 12732 12750 12767 12776 12784 12789 12797 12801 12815 12819 12820 12837 12841 12846 12880 12882 12890 12898 12899 13140 13141 13142 13143 13144 13146 
	}
	weather={
	}
}
