
strategic_region={
	id=36
	name="STRATEGICREGION_36"
	provinces={
		1020 1025 1091 1123 1158 1175 1183 2510 2534 2583 2609 2634 2658 2684 2708 2734 2757 2781 2804 2829 2857 2882 2904 2928 2946 2952 2971 2978 3006 3020 3204 3218 3411 3603 3797 4027 4096 4102 4164 4466 4689 4912 5127 5244 5269 5296 5322 5345 5367 5392 5416 5440 5463 5489 6442 6632 6824 7028 7110 7178 7186 7214 7252 7478 7704 7932 8150 8266 8292 8343 8371 8396 8421 8445 8676 8701 9950 9955 10011 10020 10092 11914 11949 11959 12006 12027 12032 12068 
	}
	weather={
	}
}
