
strategic_region={
	id=4
	name="STRATEGICREGION_4"
	provinces={
		1059 1061 1101 1103 1116 1129 1144 1159 1190 1199 1213 1228 1238 1268 1273 1275 1317 1321 1344 1349 1359 1377 1381 1405 1409 1412 1430 1444 1497 1510 1538 1541 1569 1579 1609 1622 1637 1656 1898 1908 1949 1983 2002 2005 2014 2032 2036 2054 2076 2086 2092 2098 2105 2843 3989 4045 4062 4064 4072 4090 4104 4106 4132 4149 4162 4187 4204 4219 4237 4245 4278 4280 4291 4299 4315 4321 4327 4344 4353 4365 4386 4395 4410 4414 4416 4420 4435 4459 4472 4513 4516 4544 4557 4571 4616 4644 4883 4900 4915 4950 4953 4971 4984 4987 5002 5018 5019 5032 5040 5055 5063 5086 5096 5104 5157 5310 7013 7020 7060 7064 7078 7080 7090 7106 7119 7124 7150 7165 7177 7205 7207 7220 7232 7244 7250 7260 7265 7288 7297 7310 7334 7340 7344 7363 7372 7374 7391 7395 7402 7411 7428 7430 7436 7447 7455 7465 7475 7497 7537 7565 7574 7593 7619 7662 7905 7938 7998 8010 8011 8067 8076 8082 8087 8100 8114 8120 9935 9946 9951 9973 9975 9993 10001 10019 10021 10030 10035 10060 10077 10088 10116 10118 10130 10149 10152 10171 10190 10201 10208 10210 10229 10246 10255 10259 10270 10274 10278 10287 10296 10311 10324 10332 10349 10358 10361 10389 10401 10416 10428 10443 10469 10471 10511 10729 10751 10756 10794 10799 10801 10807 10808 10810 10816 10825 10847 10866 10872 10878 10897 10910 11911 11924 11929 11950 11952 11955 11978 11993 11995 12035 12037 12041 12050 12063 12080 12092 12105 12114 12137 12142 12146 12164 12180 12182 12208 12226 12241 12247 12258 12269 12275 12295 12307 12338 12366 12375 12395 12420 12423 12452 12462 12480 12490 12708 12718 12730 12734 12743 12754 12777 12779 12781 12786 12799 12807 12829 12844 12854 12860 12868 12876 12886 12892 
	}
	weather={
	}
}
