
strategic_region={
	id=5
	name="STRATEGICREGION_5"
	provinces={
		992 1028 1064 1143 1206 1905 1914 1939 1953 1960 1964 1966 1977 1984 2003 2009 2016 2020 2040 2046 2063 2064 2066 2072 2088 2096 3854 4033 4068 4138 4909 4910 4918 4954 4961 4963 4985 4995 5010 5017 5041 5047 5060 5065 5068 5069 5079 5091 5097 5160 5196 5210 6020 7088 7117 7133 7148 7156 7216 7912 7925 7944 7980 7987 7989 7996 8000 8019 8036 8043 8052 8062 8084 8094 8103 8105 8124 8133 8164 8223 10097 10127 10734 10739 10743 10745 10761 10764 10775 10777 10784 10795 10818 10827 10833 10844 10851 10857 10859 10860 10869 10877 10891 10900 10902 10907 10908 10921 10928 10962 10976 11014 11145 11999 12099 12714 12723 12725 12733 12744 12757 12759 12766 12771 12796 12800 12806 12812 12814 12816 12826 12836 12840 12856 12862 12881 12887 12927 12929 12941 12989 12991 13135 13137 13177 
	}
	weather={
	}
}
