
strategic_region={
	id=6
	name="STRATEGICREGION_6"
	provinces={
		1043 1057 1060 1079 1095 1102 1105 1115 1126 1140 1152 1174 1207 1473 1897 1901 1956 1958 1962 1967 1989 1994 2049 2068 3123 3987 4018 4022 4051 4084 4108 4117 4133 4139 4154 4176 4191 4200 4897 4902 4903 4913 4920 4933 4962 4970 4978 4992 5004 5012 5034 5035 5046 5053 5077 5078 5095 5136 7041 7069 7076 7136 7149 7154 7194 7203 7908 7939 7943 7958 7979 7985 7992 8028 8035 8038 8046 8058 8061 8069 8077 8088 8111 8128 9943 9960 9977 9983 10023 10037 10067 10070 10082 10104 10107 10725 10731 10749 10754 10758 10779 10780 10785 10805 10814 10838 10868 10875 10884 10893 10917 11940 11943 11951 12000 12009 12018 12022 12033 12082 12091 12711 12764 12842 12849 12857 12866 12888 13073 13074 13138 13145 13179 
	}
	weather={
	}
}
