
strategic_region={
	id=8
	name="STRATEGICREGION_8"
	provinces={
		227 298 326 338 339 353 365 393 410 432 433 449 452 464 468 470 475 477 483 484 487 497 499 500 508 509 518 520 533 544 545 554 566 576 578 579 615 618 642 756 757 1210 1216 1220 1223 1229 1239 1243 1247 1254 1272 1276 1287 1290 1303 1309 1312 1314 1318 1331 1350 1360 1363 1371 1375 1378 1382 1384 1391 1402 1418 1429 1459 1479 1483 1493 1517 1532 1554 1573 1576 1591 1593 1614 1623 1632 1649 1662 1668 1675 1676 1680 1689 1694 1703 1708 1721 1723 1725 1728 1743 1749 1774 1781 1783 1787 1791 1798 1818 1825 1834 1838 1840 1844 1853 1855 1859 1864 1868 1877 1879 1919 2015 2058 3216 3265 3304 3316 3330 3343 3357 3385 3404 3406 3426 3431 3435 3459 3465 3467 3477 3478 3486 3489 3490 3502 3503 3505 3515 3517 3518 3519 3529 3538 3539 3540 3551 3555 3563 3578 3582 3593 3618 3622 4224 4227 4232 4238 4250 4254 4277 4281 4294 4300 4303 4309 4316 4322 4324 4333 4337 4340 4351 4369 4374 4376 4389 4391 4394 4467 4482 4488 4492 4499 4523 4542 4549 4563 4578 4581 4595 4599 4618 4620 4629 4636 4638 4651 4661 4670 4674 4680 4682 4685 4686 4697 4704 4709 4714 4729 4732 4751 4764 4768 4770 4773 4777 4786 4788 4792 4801 4823 4828 4843 4845 4849 4850 4856 4858 4862 4867 4873 4882 4923 4947 5016 5062 5736 6275 6328 6339 6366 6379 6404 6424 6430 6450 6454 6473 6479 6486 6491 6492 6498 6502 6506 6514 6515 6516 6523 6525 6528 6539 6541 6544 6551 6563 6564 6566 6574 6575 6588 6601 6602 6615 6620 7224 7233 7243 7298 7313 7317 7322 7326 7332 7335 7337 7341 7343 7350 7354 7357 7370 7383 7392 7405 7407 7410 7425 7429 7438 7477 7486 7491 7501 7507 7519 7541 7556 7563 7597 7600 7618 7635 7639 7641 7657 7676 7682 7693 7702 7703 7706 7708 7711 7717 7731 7732 7737 7741 7749 7752 7773 7775 7777 7784 7790 7792 7795 7799 7804 7806 7808 7819 7823 7843 7850 7856 7864 7866 7870 7874 7881 7885 7890 7924 7949 8027 8042 8086 8099 9243 9271 9299 9326 9337 9352 9365 9391 9420 9432 9436 9445 9447 9453 9455 9460 9462 9464 9469 9473 9475 9487 9488 9502 9504 9513 9516 9526 9528 9530 9538 9540 9549 9564 9565 9577 9592 9605 9753 10131 10140 10146 10148 10161 10164 10168 10179 10187 10196 10202 10205 10211 10218 10220 10235 10239 10253 10262 10264 10268 10275 10277 10284 10290 10292 10295 10299 10308 10312 10348 10353 10357 10359 10366 10395 10406 10408 10414 10417 10420 10435 10452 10470 10485 10488 10506 10508 10530 10539 10545 10547 10550 10554 10558 10560 10563 10575 10578 10584 10597 10601 10603 10610 10614 10619 10623 10627 10630 10632 10633 10634 10646 10647 10653 10660 10669 10671 10674 10680 10689 10691 10695 10704 10708 10742 10839 10885 11225 11256 11281 11308 11321 11348 11377 11395 11408 11421 11423 11429 11433 11442 11449 11451 11455 11457 11458 11459 11460 11469 11472 11473 11474 11476 11480 11482 11484 11485 11501 11510 11512 11523 11524 11527 11537 11538 11551 11552 11555 11578 11591 11687 11701 11736 12108 12111 12115 12119 12121 12128 12139 12143 12152 12161 12163 12170 12177 12179 12185 12194 12198 12218 12227 12229 12233 12235 12239 12242 12250 12254 12257 12266 12270 12285 12294 12298 12324 12329 12340 12359 12370 12383 12385 12397 12427 12430 12454 12465 12471 12474 12487 12491 12511 12520 12524 12526 12529 12533 12539 12541 12544 12557 12564 12579 12581 12583 12590 12594 12598 12601 12605 12610 12612 12614 12616 12619 12625 12629 12635 12640 12649 12656 12658 12662 12665 12669 12671 12675 12686 12695 12722 12737 12805 12820 12864 13008 13147 13148 13149 13151 13197 
	}
	weather={
	}
}
