
state={
	id=2
	name="STATE_2"

	history={
		owner = ITA
		victory_points = {
			9904 40 
		}
		victory_points = {
			11846 5 
		}
		buildings = {
			infrastructure = 8
			air_base = 8
			arms_factory = 1
			industrial_complex = 4
			11751 = {
				naval_base = 5

			}
			11846 = {
				naval_base = 2

			}

		}
		add_core_of = ITA
		1939.1.1 = {
			buildings = {
				arms_factory = 2
				industrial_complex = 5

			}

		}

	}

	provinces={
		599 603 607 611 628 636 656 658 661 663 668 671 673 692 707 708 764 770 771 773 776 778 782 819 851 883 902 910 923 925 955 963 967 969 1009 1156 1616 3604 3612 3641 3657 3660 3662 3675 3679 3688 3690 3705 3764 3772 3773 3776 3780 3782 3857 3885 3901 3910 3923 3958 3959 3961 3966 3968 3976 4014 4159 6606 6609 6626 6631 6635 6656 6661 6666 6673 6675 6678 6680 6683 6693 6725 6780 6788 6790 6793 6831 6843 6862 6875 6891 6926 6934 6939 6946 6972 6973 6975 6979 6980 6985 7059 7114 7147 9515 9582 9584 9587 9598 9600 9603 9613 9618 9620 9622 9630 9633 9636 9638 9652 9655 9666 9681 9736 9738 9741 9745 9750 9752 9772 9784 9793 9794 9826 9838 9845 9856 9863 9879 9904 9907 9909 9909 9924 9990 10027 10074 11568 11570 11573 11584 11587 11590 11595 11598 11601 11604 11615 11618 11620 11623 11634 11638 11640 11653 11721 11723 11726 11730 11734 11735 11751 11755 11773 11790 11803 11824 11833 11837 11846 11861 11874 11882 11889 11891 11998 12003 12047 12066 12098 13124 13126 
	}
	manpower=2781971
	buildings_max_level_factor=1.000
	state_category=city
}
