
state={
	id=22
	name="STATE_22"
	resources={
		steel=4.000
	}

	history={
		owner = GAE
		buildings = {
			infrastructure = 4
			arms_factory = 2
			industrial_complex = 5
		}
		add_core_of = CST
		add_core_of = GAE
		add_core_of = SEV
		add_core_of = MXM

	}

	provinces={
		591 596 606 624 653 665 682 686 688 701 704 797 937 953 982 984 3592 3596 3601 3609 3627 3631 3654 3670 3673 3674 3680 3683 3684 3700 3703 3868 3922 3924 3939 3943 3956 3974 3984 3985 6611 6614 6619 6647 6650 6672 6685 6687 6690 6691 6703 6708 6720 6799 6889 6942 6957 6970 6983 9586 9588 9591 9595 9596 9599 9608 9611 9624 9627 9643 9646 9648 9650 9661 9665 9676 9679 9809 9821 9894 9922 11564 11572 11574 11577 11580 11581 11586 11594 11610 11612 11627 11630 11651 11663 11666 11741 11816 11845 11858 11872 11899 11901 13125 
	}
	manpower=1533000
	buildings_max_level_factor=1.000
	state_category=town
}
