
state={
	id=230
	name="STATE_230"

	history={
		victory_points = {
			12320 1 
		}
		buildings = {
			infrastructure = 3
			industrial_complex = 2
			air_base = 2

		}
		owner = ARM
		add_core_of = ARM
	}

	provinces={
		652 654 672 772 789 864 876 1463 1467 1530 1539 1599 1610 3564 3653 3656 3658 3714 3979 4512 4534 4583 4660 6436 6642 6669 6671 6935 6965 6976 6991 6997 7454 7470 7530 9626 9702 9715 9858 9860 9868 9886 9932 9954 10399 10403 10472 10497 11599 11617 11674 11704 11708 11739 11753 11797 11853 11880 12309 12318 12320 12376 12380 12387 12441 12450 12476 13121 13123 
	}
	manpower=1250082
	buildings_max_level_factor=1.000
	state_category=town
}
