
state={
	id=33
	name="STATE_33"
	resources={
		oil=1.000
	}

	history={
		buildings = {
			infrastructure = 3
			arms_factory = 1
			industrial_complex = 1

		}

	}

	provinces={
		1905 1939 1953 1960 1964 1966 2016 2020 2063 2066 2096 3854 4033 4909 5060 5065 5068 5079 5160 5196 5210 6020 7088 7133 7987 7996 8000 8052 8084 8094 8103 8133 8164 8223 10739 10761 10764 10777 10795 10818 10827 10833 10851 10857 10859 10860 10877 10891 10900 10907 10908 10921 10928 10962 10976 11014 11145 12733 12744 12759 12800 12814 12840 12927 12929 12941 12989 12991 13135 13177 
	}
	manpower=2489500
	buildings_max_level_factor=1.000
	state_category=rural
}
