
state={
	id=47
	name="STATE_47"
	resources={
		steel=2.000
		chromium=3.000
	}

	history={
		victory_points = {
			4801 5 
		}
		victory_points = {
			7799 1 
		}
		buildings = {
			infrastructure = 2
			arms_factory = 1
			industrial_complex = 3
			air_base = 1

		}

	}

	provinces={
		1676 1689 1723 1725 1728 1743 1774 1781 1787 1791 1798 1834 1853 1855 1859 1868 1877 4680 4697 4729 4732 4751 4777 4786 4792 4801 4856 4858 4862 4873 4882 7676 7703 7717 7731 7749 7752 7773 7799 7804 7806 7808 7819 7823 7843 7864 7870 7881 7885 10539 10554 10558 10560 10563 10575 10578 10597 10623 10627 10632 10634 10646 10647 10669 10689 10695 10704 10708 12520 12533 12539 12541 12544 12557 12579 12605 12610 12612 12614 12625 12629 12649 12665 12669 12675 12686 12695 
	}
	manpower=772000
	buildings_max_level_factor=1.000
	state_category=town
}
