
state={
	id=516
	name="STATE_516"

	history={
		buildings = {
			infrastructure = 1

		}

	}

	provinces={
		96 1664 1684 1726 1729 1757 1768 1784 1856 2900 2923 2972 3169 3336 3415 4669 4692 4730 4733 4761 4771 4812 4817 4859 6085 7685 7689 7738 7781 7809 7837 7882 8461 9142 9224 10533 10536 10561 10564 10607 10635 10663 10692 11122 11261 11328 12514 12517 12542 12545 12574 12639 12643 12672 12687 13060 13064 13065 
	}
	manpower=43948
	buildings_max_level_factor=1.000
	state_category=wasteland
}
