
state={
	id=61
	name="STATE_61"
	resources={
		chromium=46.000
	}

	history={
		buildings = {
			infrastructure = 3

		}
		add_core_of = ALN
		owner = ALN

	}

	provinces={
		426 481 498 585 666 670 683 685 700 712 714 717 719 728 731 735 742 745 748 750 759 765 775 1450 1455 3413 3417 3439 3443 3461 3464 3475 3487 3587 3597 3667 3668 3672 3682 3698 3711 3717 3720 3726 3734 3746 3748 3752 3760 3765 3774 3777 3779 4463 6417 6463 6468 6490 6503 6527 6674 6689 6692 6701 6702 6718 6721 6730 6733 6736 6738 6741 6748 6750 6753 6755 6758 6760 6765 6768 6781 6783 6791 6794 6796 7554 7624 9415 9426 9440 9442 9459 9474 9581 9594 9628 9632 9645 9647 9649 9663 9674 9688 9691 9694 9696 9705 9707 9709 9720 9722 9726 9735 9739 9742 9744 11400 11403 11416 11447 11559 11566 11579 11609 11614 11632 11633 11647 11661 11664 11668 11678 11681 11690 11693 11694 11696 11706 11724 11727 11729 
	}
	manpower=1463970
	buildings_max_level_factor=1.000
	state_category=rural
}
