
state={
	id=65
	name="STATE_65"

	history={
		buildings = {
			infrastructure = 3

		}
		add_core_of = PRS
		owner = PRS

	}

	provinces={
		1107 1147 1179 1910 1971 1978 1980 2041 2084 3456 4003 4110 4382 4558 4979 4990 4998 5043 5075 5105 7049 7084 7316 7847 7903 7917 7975 8005 8007 8013 8022 8044 8066 8098 8106 9084 10066 10108 10139 10173 10735 10772 10813 10843 10887 10898 10905 12005 12717 12761 12763 12774 12792 12822 12884 
	}
	manpower=56000
	buildings_max_level_factor=1.000
	state_category=rural
}
