state={
	id=85
	name="STATE_85"
	provinces={
		7 10 11 14 15 21 22 27 30 32 35 36 37 38 44 46 49 52 53 58 61 63 64 65 66 67 69 74 76 77 80 82 86 91 94 98 100 101 102 103 107 109 111 113 114 115 116 118 120 122 124 125 128 130 132 133 134 136 137 139 141 142 144 145 147 148 151 155 156 157 158 161 162 165 167 168 169 170 171 173 176 178 179 182 184 188 190 192 193 195 197 199 201 202 203 204 205 211 242 295 299 329 363 383 408 2992 2995 2998 3003 3005 3007 3008 3009 3012 3013 3016 3018 3021 3022 3025 3026 3030 3034 3039 3040 3044 3045 3048 3049 3054 3055 3058 3059 3061 3062 3063 3067 3068 3069 3070 3071 3073 3078 3082 3083 3088 3090 3093 3094 3095 3096 3097 3098 3100 3104 3105 3106 3107 3108 3111 3113 3114 3115 3117 3119 3121 3122 3125 3126 3128 3129 3131 3132 3134 3136 3137 3138 3141 3145 3148 3149 3153 3156 3158 3161 3162 3170 3171 3172 3173 3179 3180 3182 3183 3185 3188 3189 3191 3192 3193 3229 3286 3307 3375 3386 6009 6010 6012 6013 6015 6021 6023 6024 6028 6029 6033 6038 6041 6042 6045 6047 6050 6055 6061 6063 6066 6067 6071 6072 6074 6076 6078 6079 6080 6081 6082 6083 6084 6087 6090 6092 6093 6096 6098 6107 6108 6111 6114 6115 6116 6117 6118 6120 6123 6125 6126 6127 6128 6129 6130 6132 6134 6136 6137 6138 6140 6141 6142 6144 6145 6146 6147 6148 6151 6152 6155 6156 6157 6159 6160 6161 6163 6164 6165 6168 6170 6173 6175 6176 6179 6181 6183 6184 6185 6186 6187 6188 6194 6195 6198 6200 6204 6206 6207 6208 6209 6210 6212 6214 6216 6258 6310 6311 6331 6345 6361 6397 6406 6412 9032 9035 9036 9038 9039 9042 9045 9047 9051 9054 9055 9056 9059 9061 9064 9066 9068 9069 9073 9074 9083 9088 9089 9093 9094 9095 9096 9103 9104 9106 9108 9109 9112 9115 9116 9117 9119 9123 9126 9127 9128 9129 9132 9134 9135 9138 9139 9140 9141 9143 9147 9148 9149 9151 9154 9156 9157 9158 9160 9162 9163 9165 9166 9167 9169 9170 9171 9173 9174 9175 9178 9179 9181 9182 9183 9185 9186 9189 9191 9193 9194 9195 9196 9198 9201 9203 9204 9208 9209 9211 9215 9216 9217 9218 9219 9220 9223 9226 9227 9228 9229 9233 9251 9279 9296 9300 9308 9329 9362 9393 9406 9410 11024 11026 11028 11029 11030 11031 11033 11034 11037 11040 11041 11043 11044 11045 11049 11050 11052 11053 11054 11056 11058 11060 11063 11065 11066 11067 11069 11070 11073 11076 11077 11078 11079 11081 11082 11085 11088 11090 11091 11094 11096 11100 11101 11102 11104 11105 11112 11113 11114 11115 11116 11117 11118 11120 11121 11123 11125 11126 11128 11129 11130 11132 11135 11138 11140 11141 11142 11144 11146 11147 11148 11151 11152 11155 11157 11160 11163 11164 11167 11169 11172 11173 11175 11176 11181 11183 11184 11185 11187 11188 11190 11196 11197 11198 11199 11201 11204 11206 11208 11209 11210 11211 11212 11215 11231 11278 11280 11289 11311 11327 11367 11376 11380 11390 13095 13096 13097 13098 13099 13100 13101 13102 13103 13104 13105 13106 13107 13108 13109 13110 13111 13112 13113 13114 13115 13117 13118 13119 13130 13194 
	}
	manpower=234000
	buildings_max_level_factor=1.000
	state_category=rural
}
